#cor phi r a0 a1 a2 a3 a4
0 0 0 0.00160666177101 -2.87135088278e-06 -1.90511562038e-09 -2.94823031012e-12 4.08634329145e-14
0 0 1 4.28706467878e-07 -5.98969190525e-09 3.65916039439e-11 5.69325325065e-14 -1.19384525805e-15
0 0 2 -1.09223594789e-09 1.63479603681e-11 -4.70499770208e-14 -6.68392914921e-16 6.38031921758e-18
0 1 0 0.00160926620683 -2.80282920167e-06 -2.3786095735e-09 -7.04851992866e-12 5.72707497873e-14
0 1 1 3.41415056836e-07 -7.56606033384e-09 5.14493261924e-11 1.75586987429e-13 -1.76414303525e-15
0 1 2 -6.67798786922e-10 2.70560555243e-11 -1.50648094948e-13 -1.21983824689e-15 9.24876488136e-18
0 2 0 0.00160409466354 -2.77579613971e-06 -1.36622908195e-09 -9.85460670616e-12 3.41649349915e-14
0 2 1 3.6676059688e-07 -6.4535951291e-09 2.06000183566e-11 2.22160661917e-13 -1.10444716837e-15
0 2 2 -8.00174730309e-10 2.00284182288e-11 -1.64386069672e-14 -1.17572165138e-15 5.08880714966e-18
0 3 0 0.00160701149132 -2.81992153912e-06 -1.28162790335e-09 -6.91951676143e-12 2.94156629368e-14
0 3 1 1.20490204124e-07 -3.90872309882e-09 1.80681004984e-11 1.64202763786e-13 -1.08607419846e-15
0 3 2 4.57331288281e-10 9.5557946115e-12 -5.08672609863e-14 -6.90483293501e-16 4.74232204356e-18
0 4 0 0.00160682889922 -2.83121733e-06 -1.33479548742e-09 -8.64710745124e-12 3.98754183991e-14
0 4 1 4.46726991089e-08 -1.36763388761e-09 -6.49343335839e-12 1.83374841351e-13 -7.67948152173e-16
0 4 2 5.55302518448e-10 -5.58269857541e-13 6.77365130241e-14 -5.37968856874e-16 1.67888916792e-18
0 5 0 0.00160826948143 -2.8702048973e-06 -8.6443888642e-10 -7.65431680004e-12 2.99739912028e-14
0 5 1 -1.34895016109e-07 1.3235456333e-09 -2.06560258915e-11 1.6291022578e-13 -5.71381171978e-16
0 5 2 1.10063694215e-09 -8.26226770232e-12 8.53273778003e-14 -3.68629872606e-16 1.03309099401e-18
0 6 0 0.0016058074182 -2.8845742451e-06 -7.11115461522e-10 -7.70698380993e-12 3.40541687295e-14
0 6 1 -2.6386224042e-07 3.37949389432e-09 -2.81360845479e-11 1.60802389508e-13 -5.51485631236e-16
0 6 2 1.44400534025e-09 -1.30718521148e-11 8.92972653361e-14 -3.13999602032e-16 8.78189031147e-19
0 7 0 0.00161583943213 -2.97484597872e-06 -1.38812096524e-09 -6.6095359402e-12 5.93693481049e-14
0 7 1 -4.81623178722e-07 5.55322838737e-09 -2.73303750415e-11 1.54540809972e-13 -7.5171016786e-16
0 7 2 1.92031504676e-09 -1.77025102595e-11 8.35468343787e-14 -2.85383603342e-16 1.29318485947e-18
0 8 0 0.00161420627395 -2.94642148933e-06 -9.74828434999e-10 -8.27485606483e-12 4.98769269317e-14
0 8 1 -5.27904145455e-07 6.13925000742e-09 -3.30049703261e-11 1.59309389938e-13 -6.35153908481e-16
0 8 2 2.0216221801e-09 -1.89983439428e-11 9.1009737062e-14 -2.73686662102e-16 1.04987241207e-18
1 0 0 0.00140170213024 -2.99404846356e-06 1.86834650339e-09 -3.17057422683e-11 1.22190806973e-13
1 0 1 -4.44417425278e-06 5.21542733048e-09 3.41033400858e-10 -2.80354542898e-13 -5.00745933108e-15
1 0 2 1.20728334777e-07 -3.88966186549e-11 -1.15429250595e-11 6.49355751664e-15 1.89264678635e-16
1 1 0 0.00136766169331 -2.93541717027e-06 4.64707109407e-09 -3.46892426029e-11 7.95397519545e-14
1 1 1 7.81606932377e-07 -1.48947625449e-08 -3.4653053556e-11 5.66407127902e-13 -1.17134848307e-15
1 1 2 -3.18666080349e-08 5.82273004757e-10 -8.56099448917e-13 -1.92740447053e-14 9.94020695186e-17
1 2 0 0.0013450628419 -3.08596387743e-06 7.69395343813e-09 -2.99929231e-11 2.52296225398e-14
1 2 1 1.90948769687e-06 2.75497030952e-09 -3.04747693388e-10 -1.63261712273e-13 6.06335575109e-15
1 2 2 -3.69778062942e-08 9.07436223283e-11 5.2283109719e-12 1.71910876014e-15 -1.09847321933e-16
1 3 0 0.00137736554929 -3.00379322998e-06 4.31893000293e-09 -3.24452368218e-11 6.52645216071e-14
1 3 1 -1.74083622509e-07 1.11278452608e-09 -3.28068965598e-11 -4.38496508501e-14 1.83841772678e-15
1 3 2 -5.56406506794e-10 1.74105072678e-12 2.94227731934e-13 1.67504165302e-15 -2.46046795601e-17
1 4 0 0.00137487655037 -3.02746142366e-06 4.57165817095e-09 -3.19827610687e-11 7.15864892698e-14
1 4 1 -7.18786503843e-08 1.10048539478e-09 -1.57281215972e-11 7.39839956239e-15 3.49617384209e-16
1 4 2 4.67849860995e-10 -5.42950122781e-12 8.30700676992e-15 1.1329068738e-15 -5.57183019072e-18
1 5 0 0.00138517054707 -3.06879518217e-06 3.5504988205e-09 -3.55503417636e-11 1.17753959328e-13
1 5 1 -1.14273421847e-07 2.11703555491e-10 6.96590292607e-12 2.04117872625e-13 -1.23343366782e-15
1 5 2 3.98396327929e-10 4.66616919051e-12 -9.53071512196e-14 -1.0088592286e-16 2.6760586632e-18
1 6 0 0.00139007007923 -3.17891256878e-06 4.66367646067e-09 -3.87818971032e-11 1.16637281253e-13
1 6 1 -1.0762779999e-07 1.74784021518e-09 -2.16264958749e-11 3.20286536321e-13 -1.29606010485e-15
1 6 2 1.92516967281e-10 2.07467827372e-12 2.52976829115e-15 -5.33974422217e-16 2.70088106982e-18
1 7 0 0.00140196267375 -3.34017755229e-06 5.93837385738e-09 -3.70804335896e-11 8.94520511186e-14
1 7 1 -2.95152285268e-07 4.94331913065e-09 -4.60364255862e-11 3.06138739357e-13 -8.60591237139e-16
1 7 2 5.50545798336e-10 -4.98101996073e-12 6.11009045844e-14 -4.88130381647e-16 1.48178470704e-18
1 8 0 0.00141917474079 -3.51565706615e-06 6.54268101563e-09 -3.457607704e-11 7.51384706579e-14
1 8 1 -5.16357478888e-07 7.46655107467e-09 -5.5676453407e-11 2.7680347512e-13 -6.28609063809e-16
1 8 2 9.41823332068e-10 -9.70399198476e-12 7.91181256729e-14 -4.20403037163e-16 9.36769116695e-19
